982.435
1066.2
739.796
610.379
594.061
579.457
1089.44
641.269
391.521
467.981
444.371
420.963
295.163
258.974
340.743
357.896
448.648
785.536
758.794
913.403
1065.86
1171.69
966.702
643.836
918.282
-547.607
-481.284
-1231.49
-3102.8
-239.231
-184.188
-261.679
-243.761
-493.742
-1564.78
-476.911
-182.319
-250.623
-305.319
-356.289
-458.392
-256.841
-151.092
-112.067
-126.563
-135.587
-336.728
-719.595
784.519
501.102
-43.3219
-31.918
-24.6234
-31.1204
-21.5841
-41.1251
-74.4894
-69.4256
-68.6908
-71.8966
-119.217
-89.0679
-100.677
-57.745
-17.2954
-22.7861
-23.5418
-46.8605
-38.9773
-36.8244
-60.6362
-84.6458
-169.514
-243.517
-371.538
-125.181
-141.634
-37.2416
-22.2617
-53.633
-83.413
-58.2417
-102.445
-51.0795
-110.73
-85.5073
-96.6497
-86.6171
-164.834
-163.864
-161.289
-185.481
-236.455
-242.336
-262.281
-256.197
-221.577
-385.276
-244.594
-114.497
-60.4514
-88.1837
-114.426
-146.872
-198.424
-197.239
-189.023
-125.461
-99.4473
-82.6949
-137.123
-118
-94.0607
-104.295
-121.941
-140.009
-180.388
-172.475
-135.886
-124.926
-121.012
-94.3316
-117.096
-199.197
-269.572
-17.2075
-23.8461
-23.357
-23.2022
-36.752
-35.6728
-77.2924
-77.9108
-56.3642
-78.2677
-62.3128
-50.7427
-125.452
-125.721
-131.147
-164.041
-108.856
-102.091
-71.7636
-86.2971
-147.677
-79.5643
-212.188
-169.947
-171.333
-359.705
-387.428
-217.868
-260.18
-238.621
-158.014
-227.412
-568.16
-502.986
-238.333
-362.966
-166.536
-196.896
-215.51
-148.191
-300.489
-262.04
-319.482
-264.549
-321.632
-211.484
-232.029
-443.909
-596.068
-428.481
-40.0975
-79.0336
-44.5792
-47.9556
-119.281
-54.0724
-73.948
-76.2569
-42.6411
-51.9412
-75.853
-75.587
-65.8786
-125.569
-156
-86.0917
-101.208
-76.2363
-155.664
-358.078
-321.176
-166.87
-167.254
-106.822
-87.3008
-379.141
-296.324
-199.936
-325.842
-380.388
-204.972
-184.843
-248.523
-277.924
-174.242
-241.469
-444.802
-362.849
-357.009
-480.258
-492.892
-389.418
-370.986
-182.44
-261.422
-299.758
-237.905
-361.41
-290.238
-452.427
-143.062
-208.417
-179.834
-84.4542
-146.122
-198.322
-82.6996
-149.92
-191.642
-99.815
-110.618
-95.9185
-70.5981
-147.602
-215.525
-68.6939
-176.97
-97.7176
-129.871
-140.634
-106.961
-191.85
-189.546
-126.851
-205.57
-22.8555
-28.0919
-36.2283
-18.0926
-49.9461
-18.2991
-49.9623
-43.9941
-34.5517
-49.3754
-61.3419
-71.9954
-37.1792
-18.0972
-36.4711
-94.1486
-222.71
-397.403
-45.3261
-36.6208
-44.0438
-102.07
-227.797
-107.202
-132.274
-166.677
-169.566
-109.185
-116.184
-84.4751
-268.314
-136.665
-155.874
-219.23
-198.576
-105.145
-83.6369
-116.136
-115.338
-75.4376
-135.587
-103.907
-183.31
-92.3542
-73.2766
-100.743
-69.6503
-152.96
-137.633
-145.894
-163.476
-203.628
-151.83
-180.597
-198.074
-222.989
-216.679
-184.142
-182.424
-119.442
-116.38
-97.4579
-115.648
-206.109
-188.736
-95.655
-169.257
-108.862
-118.081
-158.725
-146.535
-152.637
-222.066
-177.049
-134.174
-47.2683
-29.3839
-23.0189
-27.7308
-21.7785
-114.859
-244.936
-138.333
-59.1549
-131.818
-69.2014
-58.0242
-75.8681
-41.1291
-59.0874
-60.5566
-29.473
-33.1699
-121.69
-87.8125
-104.533
-63.1005
-55.9578
-32.4586
-19.6487
-161.756
-69.1069
-161.118
-65.8379
-59.2696
-54.1345
-69.3919
-60.6129
-76.6855
-100.858
-96.6391
-91.159
-130.588
-104.245
-90.4406
-48.6527
-74.5139
-70.1329
-60.1013
-79.8239
-80.9288
-64.785
-72.8152
-72.8862
-96.9517
-31.0074
-20.5038
-25.9575
-39.2043
-40.9239
-20.3292
-29.3043
-26.1191
-31.1577
-41.8679
-22.9873
-48.5671
-61.9694
-44.5242
-26.657
-45.7745
-33.1249
-36.0289
-30.4025
-24.7287
-23.4742
-20.0452
-25.8702
-15.9374
-31.4153
