2814.63
3063.05
2097.39
1717.03
1669.23
1626.48
3132
1807.62
1080.67
1301.61
1233.19
1165.52
805.658
703.795
935.16
984.183
1245.57
2232.26
2153.39
2610.18
3062.02
3376.28
2768.01
1815.15
2624.62
-1894.7
-1683.7
-4019.15
-9692.62
-895.017
-708.523
-969.992
-910.193
-1723.45
-5037.82
-1669.73
-702.11
-933.133
-1114.36
-1281.08
-1610.5
-953.881
-593.996
-455.597
-507.52
-539.519
-1217.3
-2436.07
2229.26
1397.84
-195.507
-148.437
-117.217
-145.072
-103.883
-186.579
-317.101
-297.869
-295.064
-307.274
-481.293
-371.625
-414.286
-252.811
-84.6744
-109.182
-112.496
-209.767
-177.79
-168.917
-264.063
-355.207
-658.007
-909.375
-1330.62
-502.597
-560.837
-170.641
-106.874
-236.684
-350.613
-254.749
-420.73
-226.59
-450.775
-358.414
-399.554
-362.538
-641.813
-638.451
-629.515
-712.954
-885.709
-905.42
-971.995
-951.734
-835.65
-1375.14
-912.978
-464.35
-263.346
-368.35
-464.095
-579.226
-757.175
-753.137
-725.084
-503.595
-409.794
-347.933
-544.943
-476.933
-390.046
-427.463
-491.039
-555.117
-695.476
-668.233
-540.574
-501.691
-487.717
-391.043
-473.69
-759.805
-996.233
-88.9333
-120.278
-118.009
-117.289
-178.39
-173.644
-347.202
-349.672
-261.996
-351.097
-286.561
-238.479
-534.006
-535.023
-555.506
-677.955
-470.735
-444.65
-325.004
-382.956
-617.381
-356.267
-853.111
-699.673
-704.759
-1385.78
-1482.3
-882.305
-1034.59
-957.277
-662.267
-916.855
-2102.26
-1880.24
-956.238
-1397.16
-694.011
-805.921
-873.749
-625.469
-1177.84
-1041.24
-1244.83
-1050.2
-1252.39
-859.123
-933.523
-1677.59
-2196.9
-1624.4
-215.566
-398.031
-237.525
-253.848
-574.804
-283.016
-375.025
-385.494
-228.072
-272.908
-383.665
-382.46
-338.11
-601.759
-730.364
-429.668
-496.433
-385.4
-728.956
-1541.43
-1396.87
-775.671
-777.263
-520.934
-435.056
-1635.17
-1308.18
-918.394
-1425.4
-1640.05
-939.098
-856.055
-1116.44
-1234.69
-811.996
-1087.9
-1890.92
-1571.28
-1548.33
-2028.02
-2076.72
-1675.37
-1603.21
-846.089
-1168.44
-1321.87
-1073.46
-1565.62
-1283.91
-1920.46
-685.779
-960.211
-841.364
-428.307
-698.867
-918.415
-420.335
-715.068
-890.656
-497.311
-545.098
-479.932
-364.754
-705.182
-989.534
-355.903
-829.363
-487.966
-629.037
-675.376
-528.982
-891.52
-881.927
-615.963
-948.441
-225.982
-268.638
-196.626
-115.922
-274.129
-164.145
-274.212
-242.978
-189.305
-271.196
-331.302
-383.114
-309.276
-185.819
-291.116
-487.66
-1054.02
-1778.31
-250.079
-304.919
-243.245
-524.261
-1075.62
-547.79
-661.054
-817.366
-830.039
-559.856
-591.867
-444.764
-1253.26
-684.366
-769.795
-1044.99
-956.197
-541.272
-440.792
-591.647
-588.007
-401.648
-679.536
-535.563
-890.042
-481.861
-391.236
-520.928
-373.663
-756.904
-688.695
-725.551
-837.61
-1020.09
-783.889
-915.894
-995.067
-1106.84
-1078.64
-932.01
-924.204
-631.993
-617.401
-526.059
-613.902
-1031.24
-952.85
-517.234
-864.131
-581.364
-625.513
-815.746
-759.322
-787.626
-1102.72
-899.732
-701.595
-344.485
-101.775
-192.675
-234.372
-86.7146
-988.453
-1316.6
-777.442
-394.664
-740.811
-646.64
-395.255
-702.871
-453.266
-651.568
-660.94
-89.6467
-283.697
-664.509
-827.648
-592.27
-414.861
-381.677
-276.624
-80.1426
-910.111
-460.784
-906.655
-441.403
-677.537
-630.641
-460.992
-609.419
-769.087
-597.108
-578.943
-553.429
-723.826
-614.992
-900.275
-197.563
-480.319
-461.667
-661.13
-507.563
-514.094
-443.071
-472.575
-798.965
-580.332
-199.994
-228.248
-292.745
-315.167
-305.558
-226.138
-190.405
-294.48
-200.834
-174.829
-258.352
-339.763
-447.53
-364.323
-300.119
-356.598
-211.73
-285.338
-196.603
-278.99
-264.205
-222.711
-291.801
-174.221
-202.27
